AMBIENT:	0.96484375 0.96875 0.5625 1.0
DIFFUSE:	0.25 0.25 0.25 1.0
SPECULAR:	0.0 0.0 0.0 1.0 
EMISSION:	0.0 0.0 0.0 0.0
SHININESS:	64.0f