AMBIENT:	0.33984375 0.33984375 0.33984375 1.0
DIFFUSE:	0.0 0.0 0.0 1.0
SPECULAR:	0.0 0.0 0.0 1.0
EMISSION:	0.0 0.0 0.0 0.0
SHININESS:	51.2