AMBIENT:	0.4234375 1.0 0.43515625 1.0 
DIFFUSE:	0.0 0.0 0.0 1.0 
SPECULAR:	0.0 0.0 0.0 1.0
EMISSION:	0.0 0.0 0.0 0.0
SHININESS:	16.0f