AMBIENT:	0.105882 0.058824 0.113725 1.0
DIFFUSE:	0.427451 0.470588 0.541176 1.0
SPECULAR:	0.333333 0.333333 0.521569 1.0
EMISSION:	0.0 0.0 0.0 0.0
SHININESS:	9.84615