AMBIENT:	0.24725 0.1995 0.0745 1.0
DIFFUSE:	0.75164 0.60648 0.22648 1.0
SPECULAR:	0.628281 0.555802 0.366065 1.0
EMISSION:	0.0 0.0 0.0 0.0
SHININESS:	51.2