AMBIENT:	0.19225 0.19225 0.19225 1.0
DIFFUSE:	0.50754 0.50754 0.50754 1.0
SPECULAR:	0.508273 0.508273 0.508273 1.0
EMISSION:	0.0 0.0 0.0 0.0
SHININESS:	51.2