AMBIENT:	0.25 0.148 0.06475 1.0 
DIFFUSE:	0.4 0.2368 0.1036 1.0 
SPECULAR:	0.774597 0.458561 0.200621 1.0
EMISSION:	0.0 0.0 0.0 0.0
SHININESS:	76.8